Kost C [Author] OR Kerr B [Author] ORChurch GM[Author] OR Shendure J[Author] OR Lenski RE[Author] OR Dunham MJ[Author] OR Desai MM[Author] OR Lynch M [Author] OR Botstein D[Author] OR Lang GI[Author] OR Alon U [Author] OR Sherlock G[Author] OR Rosenzweig F[Author] OR Fisher DS[Author] OR Cooper VS [Author] 
23873039
26240355
25496938
25449178
25940625
25269377
25731169
25971664
24968217
24855317
21546542
23555283
23852385
23222656
22471618
21829391
27044625
27021563
26995338
26762766
26936925
26187596
21652523
26483032
26700858
25832299
25315137
21966486
26349082
25494960
26194190
26519061
26314830
25904905
25717335
25724885
27034376
25351426
25263109
26011532
26944856
26931382
26838787
26673778
26553805
26880286
26876719
26674951
24274381
26928463
26578203
12446845
24706810
26199375
26771485
27032296
27023906
26854927
26650888
25036317
26695873
26693509
26680200
26633546
25281774
23821616
24496795
27070430
26757982
27015309
26628282
26202237
25875512
26699182
26691440
26621581
26520804
27037721
26299432
26096313
26023139
26264460
26608053
27026189
26940921
26909573
26167768
26166479
26121085
26102073
25911659
25609318
26496609
26160856
27077531
26230489
25963618
25787308
26509726
26148927
26071789
26404824
26237516
26063662
25491636
26705699
25948246
25722288
26305937
26248554
26240161
26220134
26092869
26465336
25060625
26370471
26196733
26077961
24558348
25957469
25659649
25917818
26409636
26163336
25938944
25823446
25368183
19079573
25785854
25683120
26281848
25953818
26581098
25961572
25138718
26023126
25762525
25830323
25632026
25599672
26161936
25381917
25514332
24603708
24205893
26019723
25887447
25559584
23894280
24368781
24813190
25608559
25327137
25881244
25297418
25641689
24989794
24923819
25418537
25278557
25884468
25630905
25205090
25557781
25437436
25373147
26038577
25807523
24810844
25798588
25622107
25326703
24732588
25918382
25232744
24252429
25416936
25363768
24743218
25194161
24924513
25140959
24964173
24164389
25234310
24211263
25340400
25217958
25539838
26000737
25598604
25395665
25121812
24486306
24998929
24533843
24193369
25255306
25141179
24867941
