(auxotroph OR metabolic dependence) AND evolution 
25526368
25313038
23701213
24118864
23565624
26160170
25607366
19376826
23099454
23474253
21551270
23116407
26440800
22673353
19028580
22294279
26373461
26931804
24911874
20924202
21865251
11968213
23185542
26707197
18046752
24536093
20731852
22228080
22376077
17213327
21597257
23734517
22023445
11537454
25615944
24395776
12711733
20133582
16385132
22807564
24910088
24809511
22834753
2694042
12609478
25938806
23577101
26248954
20540107
18551637
16371597
26990431
25506716
25902514
27067104
25640854
26944551
26289842
24197282
17174261
26046255
21998563
8041362
23548750
22938206
25713367
17763837
25925942
25964324
17918594
14427
16042996
23204453
25580838
10231503
15172759
14723169
24294342
1919506
6413975
17284612
21866182
23711432
24149512
2082822
20180875
23874975
8344414
7916685
17584252
7883715
17494762
21936919
22720044
1999189
19561325
23038731
10191388
23019066
18776889
24306478
21833516
16958849
16243272
21908678
14604842
21930586
22325894
22407107
22308424
22087650
2237880
21858538
19415477
10029882
15026978
7891456
19564058
12859183
21304746
15688518
12506126
19487332
20618859
20197070
20636327
12732536
20675471
20418392
16242367
16086580
16754845
20367320
9229251
16705405
10889215
19130295
11535795
19589834
2537043
17143184
18376546
19450731
18383241
11536667
14988248
17920200
15003493
11470487
17611817
17059564
18796316
17882506
16835224
16055441
15700423
12713536
11707264
11506363
9322760
7961755
8320232
12626113
9689222
8757283
7565596
17187718
16617726
8739271
7735895
18378606
11204809
2240273
18991608
18000048
15579563
19194535
17635582
15743958
16155228
