niche construction
27069522
25138718
26150664
24325256
26828831
26539144
26709324
25237032
24126050
23953199
27069524
25683961
24915290
25041133
25136323
24117399
27069525
26097188
25299655
25162877
25024189
23653966
26034292
26034293
24671972
23432838
26416321
24266036
23098589
23848507
24751129
24735777
26649071
23959981
25491876
22905167
21073644
24700698
21320897
23432840
21320895
22697285
22834748
22106423
24963989
25312606
21320894
22207773
21320905
25867303
21320903
25825690
21320899
21320900
21320898
23760023
21508610
25774035
21320904
23624482
20962880
20662598
25933240
26937346
19061421
18727670
25076533
27014497
12582272
16426653
23640113
22719970
17089961
10468593
17011006
26437427
26246559
22074974
26266550
25398719
24896031
18756522
22927103
21208951
15760353
19920336
24932898
21573007
18602649
25713127
15856691
21955031
24693353
14642348
18457902
26370902
17255005
11303338
18799415
18426757
26452770
19046401
17210011
25419084
26879907
17612798
17550771
15795851
14737710
15926688
26316023
27019143
21317264
25794155
26392557
24920478
26779087
20098495
26970631
26834675
17983464
25926950
23865796
25191292
24612003
17786196
26244814
25998636
25996864
25997763
25414710
25684777
25670670
25565969
25803437
26640605
25799563
24101621
24688167
24016853
24534919
25100704
23630271
24970405
24591574
23660798
23970808
25400628
24076261
23987114
25191338
21966543
25568037
15770898
16437106
24508818
21948460
23025412
19545759
19300703
22832012
22728170
22556200
20507476
7972561
21490010
22975004
22593110
23235526
22641819
22617162
21714986
21974673
24602373
22860093
21249505
22662205
22174243
22074970
21906224
21320896
21645814
21078655
21093147
21377611
21320901
20419339
21403610
19637610
21364304
21199837
20623553
22140432
21104876
19961473
20662890
17313527
18724717
20925350
19019196
